63
0
1
0
1
0
1
0
1
0
1
0
1
0
1
0
1
0
1
0
1
0
1
0
2
0
1
0
1
0
1
0
1
0
1
0
63
3
63
4
5
5
6
3
63
7
63
8
8
63
63
63
63
63
9
10
10
11
11
11
11
12
12
12
12
13
63
63
63
14
14
63
63
63
63
63
2
15
2
16
17
9
9
9
11
11
12
12
18
18
19
63
63
3
9
8
20
4
21
2
16
63
63
5
63
3
3
3
22
1
3
3
3
3
63
22
3
4
2
22
6
2
3
22
5
1
22
63
1
3
22
1
22
1
3
3
3
3
3
3
22
2
3
3
3
3
3
3
3
3
3
3
3
3
3
3
3
3
3
3
3
3
3
3
3
3
3
3
3
3
3
3
3
3
3
3
3
22
3
4
1
22
5
3
23
4
1
20
1
15
1
15
1
15
1
15
1
15
1
15
1
15
1
15
1
15
1
15
1
15
1
15
1
15
1
15
1
15
1
15
1
15
1
15
1
15
1
15
1
15
1
15
1
15
1
15
1
15
1
15
1
15
1
15
1
25
1
25
1
15
1
25
1
25
1
20
1
25
1
20
1
20
1
25
1
25
1
25
1
25
1
25
1
25
1
25
1
25
1
25
1
25
1
25
1
25
1
20
1
25
1
25
1
25
6
63
3
16
17
0
63
12
12
63
12
26
27
27
27
63
3
28
4
63
63
63
63
29
63
5
63
63
63
63
9
8
63
31
31
32
32
33
32
32
32
34
34
32
32
32
32
32
32
32
32
32
33
32
33
33
35
63
36
63
9
20
21
63
3
4
3
3
3
22
5
3
37
7
13
38
11
11
18
63
19
18
18
18
63
63
63
63
33
33
39
63
63
63
63
63
63
63
33
32
33
33
33
33
33
63
63
3
63
63
6
63
3
63
63
40
22
3
3
3
3
3
3
63
3
3
3
3
40
3
63
3
20
3
3
3
63
3
23
3
3
3
3
3
3
3
3
3
3
3
63
3
3
3
3
3
3
3
3
3
3
3
3
3
3
7
3
20
3
63
63
3
3
3
3
3
3
3
3
3
63
3
3
3
3
3
3
63
3
3
3
3
28
3
3
3
3
3
3
42
3
3
3
63
3
3
3
3
3
20
3
3
42
3
3
3
3
3
3
3
3
3
3
3
3
3
3
3
3
3
3
3
3
3
3
3
3
3
3
3
3
3
3
3
3
3
3
3
3
3
3
3
3
3
20
3
3
3
3
3
3
3
3
3
3
3
3
3
3
3
3
3
3
3
3
3
3
3
3
3
3
3
3
3
3
3
3
3
3
3
3
3
3
3
3
3
43
3
3
63
63
3
3
3
3
3
3
3
3
3
3
3
3
3
3
3
3
3
3
3
3
3
3
3
3
3
3
3
3
3
63
36
20
3
3
3
63
3
3
3
3
3
3
3
3
3
3
3
3
3
3
3
3
3
3
3
3
3
3
3
3
3
3
3
3
3
3
3
3
3
3
63
3
20
3
3
63
3
3
3
3
3
3
63
3
20
3
3
3
3
3
3
3
3
3
3
40
3
3
3
40
3
3
3
63
3
3
20
3
3
3
3
3
3
3
3
3
3
3
3
3
3
3
3
3
3
3
3
3
43
3
63
3
63
3
3
3
3
3
3
3
3
3
3
3
3
3
3
3
3
3
3
3
3
3
3
3
3
3
3
3
3
3
3
3
3
3
3
3
3
3
3
3
3
3
3
3
3
3
3
3
3
3
3
3
3
3
3
3
3
3
3
3
3
3
3
3
3
3
3
3
3
3
3
3
3
3
3
3
3
3
3
3
3
3
3
3
3
3
3
3
3
3
3
3
3
3
3
3
3
3
3
3
3
3
3
3
3
3
3
3
3
3
3
3
3
3
3
3
3
3
3
3
3
3
3
3
3
3
3
3
3
3
3
3
3
3
3
3
3
3
3
3
3
3
3
3
3
3
3
3
3
3
3
3
3
3
3
3
3
3
3
3
3
3
3
3
3
3
3
3
3
3
3
3
3
3
3
3
3
3
3
3
20
3
3
3
3
3
3
3
20
3
3
3
3
3
3
3
3
3
3
3
3
3
3
3
3
3
3
3
3
3
3
3
3
3
3
3
3
3
3
3
3
3
3
3
3
3
3
3
3
3
3
3
3
3
3
3
3
3
3
3
3
3
3
3
3
3
3
3
3
3
3
3
3
3
3
3
3
3
3
3
3
3
3
3
3
3
3
3
3
3
3
3
3
3
3
3
3
3
3
3
3
3
3
3
3
3
3
3
3
3
3
3
3
3
3
3
3
3
3
3
3
3
3
3
3
3
3
3
3
3
3
3
3
3
3
3
3
3
3
3
3
3
3
3
3
3
3
3
3
3
3
3
3
3
3
3
3
3
3
3
3
3
3
3
3
3
3
3
3
3
3
3
3
3
3
3
3
3
3
3
3
3
3
3
3
3
3
3
3
3
3
3
3
3
3
3
3
3
3
3
3
3
3
3
3
3
3
3
3
3
3
3
3
3
3
3
3
3
3
3
3
3
3
3
3
3
3
3
3
3
3
3
3
3
3
3
3
3
3
3
3
3
3
3
3
3
3
3
3
3
3
3
3
3
3
3
3
3
3
3
3
3
3
3
3
3
3
3
3
3
3
3
3
3
3
3
3
3
3
3
3
3
3
3
3
3
3
3
3
3
3
3
3
3
3
3
3
3
3
3
3
3
3
3
3
3
3
3
3
3
3
3
3
3
3
3
3
3
3
3
3
3
3
3
3
3
3
3
3
3
3
3
3
3
3
3
3
3
3
3
3
3
3
3
3
3
3
3
3
3
3
3
3
3
3
3
3
3
3
3
3
3
3
3
3
3
3
3
3
3
3
3
3
3
3
3
3
3
3
3
3
3
3
3
3
3
3
3
3
3
3
3
3
3
3
3
3
3
3
3
3
3
3
3
3
3
3
3
3
3
3
3
3
3
3
3
3
3
3
3
3
3
3
3
3
63
3
3
3
3
3
3
3
3
3
3
3
3
3
3
3
3
3
3
3
3
3
3
3
3
3
3
3
3
3
3
3
3
3
3
3
3
3
3
3
3
3
3
3
3
3
3
3
3
3
3
3
3
3
3
3
3
3
3
3
3
3
3
3
3
3
3
3
3
3
3
3
3
3
3
3
3
3
3
3
3
3
3
3
3
3
3
3
3
3
3
3
3
3
3
3
3
3
3
3
3
3
3
3
3
3
3
3
3
3
3
3
3
3
3
3
3
3
3
3
3
3
3
3
3
3
3
3
3
3
3
3
3
3
3
3
3
3
3
3
3
3
3
3
3
3
3
3
3
3
3
3
3
3
3
3
3
3
3
3
3
3
3
3
3
3
3
3
3
3
3
3
3
3
3
3
3
3
3
3
3
3
3
3
3
3
3
3
3
3
3
3
3
3
3
3
3
3
3
3
3
3
3
3
3
3
3
3
3
3
3
3
3
3
3
3
3
3
3
3
3
3
3
3
3
3
3
3
3
3
3
3
3
3
3
3
3
3
3
3
3
3
3
3
3
3
3
3
3
3
3
3
3
3
3
3
3
3
3
3
3
3
3
3
3
3
3
3
3
3
3
3
3
3
3
3
3
3
3
3
3
3
3
3
3
3
3
3
3
3
3
3
3
3
3
3
3
3
3
3
3
3
3
3
3
3
3
3
3
3
3
3
3
3
3
3
3
3
3
3
3
3
3
3
3
3
3
3
3
3
3
3
3
3
3
3
3
3
3
3
3
3
3
3
3
3
3
3
3
3
3
3
3
3
3
3
3
3
3
3
3
3
3
3
3
3
3
3
3
3
3
3
3
3
3
3
3
3
3
3
3
3
3
3
3
3
3
3
3
3
3
3
3
3
3
3
3
3
3
3
3
3
3
3
3
3
3
3
3
3
3
3
3
3
3
3
3
3
3
3
3
3
3
3
3
3
3
3
3
3
3
3
3
3
3
3
3
3
3
3
3
3
3
3
3
3
3
3
3
3
3
3
3
3
3
3
3
3
3
3
3
3
3
3
3
3
3
3
3
3
3
3
3
3
3
3
3
3
3
63
22
63
63
63
63
3
0
3
0
3
37
63
13
8
9
9
18
18
18
63
12
63
12
26
63
63
63
63
63
63
63
63
63
63
63
63
63
63
33
63
63
63
63
63
63
63
63
33
63
63
63
63
63
63
63
63
63
63
63
63
63
63
63
63
63
63
63
63
63
63
63
44
44
33
33
45
33
32
33
33
33
33
33
63
63
33
33
33
46
33
63
63
33
33
33
46
33
46
63
63
47
63
33
33
33
32
33
39
39
33
33
33
33
33
33
33
33
33
33
46
46
33
33
33
33
33
47
33
33
33
33
33
33
33
46
63
63
63
63
63
63
63
63
48
48
49
49
33
48
50
50
50
63
50
63
33
63
63
63
63
63
63
63
63
63
63
63
63
51
63
63
51
51
63
63
63
63
63
63
63
63
63
63
63
32
51
51
52
53
63
63
63
63
63
63
63
63
63
63
63
63
63
63
38
63
32
32
32
32
51
53
63
63
54
63
63
63
55
63
63
56
54
63
63
63
63
57
63
63
63
63
63
63
63
63
63
63
63
63
63
63
63
63
58
63
63
34
54
63
63
63
32
52
32
63
63
63
63
63
63
59
63
63
63
63
63
59
33
39
63
33
47
33
63
47
33
33
33
33
61
63
62
63
33
63
32
63
63
63
63
35
63
56
33
33
33
63
63
63
33
63
63
56
62
63
63
63
63
63
63
39
39
63
63
39
63
45
60
57
63
47
33
61
63
55
47
33
60
33
63
63
58
63
63
33
63
63
63
63
63
63
33
33
33
63
41
29
29
33
44
44
41
63
63
24
24
63
5
5
5
5
5
5
5
5
5
5
5
5
5
5
5
5
5
5
5
5
5
5
5
5
5
5
5
5
5
5
5
5
5
5
5
5
5
5
5
5
5
5
5
5
5
5
5
5
5
5
5
5
5
5
5
30
5
5
30
5
5
5
5
5
5
5
5
5
5
5
5
5
5
5
5
5
5
5
5
5
5
5
5
5
5
5
63
5
5
5
5
5
5
5
5
5
5
5
5
5
5
5
63
3
3
3
3
3
3
3
63
3
3
3
15
3
3
3
3
3
3
3
3
3
3
3
3
3
3
3
3
3
3
3
3
3
3
3
3
3
3
3
3
3
3
3
3
3
3
3
3
3
3
3
3
3
3
3
3
3
3
3
3
3
3
3
3
3
3
3
3
3
3
3
3
3
3
3
3
3
3
3
3
3
3
3
3
3
3
3
3
3
3
3
3
3
3
3
3
3
3
3
3
3
3
3
3
3
3
3
3
3
3
3
