66
0
0
0
0
66
0
0
0
66
66
66
66
66
66
66
66
0
0
0
66
0
1
2
0
66
66
0
0
0
0
0
0
0
0
0
0
0
0
0
0
0
0
0
0
0
0
0
0
0
0
0
0
0
0
0
0
0
0
0
0
0
0
0
0
0
0
0
0
0
0
0
0
0
3
0
1
0
0
66
66
4
4
66
0
1
66
66
66
5
0
0
0
0
0
0
0
1
0
0
0
0
0
0
0
0
0
0
0
1
66
0
6
0
0
0
0
0
0
7
0
1
0
0
0
8
0
0
0
0
1
0
0
0
1
10
0
8
8
0
0
1
0
0
0
0
0
0
0
0
0
0
0
1
0
0
0
0
0
0
0
0
0
66
1
11
12
66
0
7
66
0
6
66
0
0
1
4
0
6
0
0
0
0
66
66
66
66
0
66
0
66
15
66
66
1
4
4
66
8
66
15
1
16
17
0
66
18
19
66
8
18
0
7
8
1
8
66
0
15
8
8
21
8
21
66
19
9
8
8
22
66
66
8
18
66
8
7
8
1
8
18
8
1
8
8
23
8
8
1
8
19
8
1
8
18
18
8
8
8
8
8
1
16
66
8
8
8
66
8
8
8
8
66
0
8
0
0
0
0
0
0
0
0
1
4
0
1
0
0
0
0
0
0
0
0
0
0
0
8
0
0
0
22
0
0
0
8
0
0
0
0
0
0
0
0
8
66
8
0
0
0
0
0
0
0
0
0
0
0
0
0
0
0
0
0
0
0
0
0
0
0
0
0
0
26
0
8
0
0
26
0
0
0
0
0
0
0
0
0
0
0
0
0
0
0
0
0
0
0
0
0
0
0
0
0
0
0
0
0
1
0
1
0
0
1
0
1
0
0
0
1
27
0
7
0
0
0
0
0
0
0
0
0
0
0
0
0
0
0
0
0
0
0
0
0
0
0
0
0
0
0
0
0
0
0
0
0
0
1
0
0
0
0
0
8
0
0
0
0
0
1
4
0
0
0
1
0
0
0
0
1
25
0
0
0
0
0
0
0
0
1
0
66
1
4
11
66
0
0
0
0
0
0
0
0
0
0
0
7
0
1
4
0
0
1
0
0
0
0
0
0
0
1
0
1
4
0
0
0
0
0
1
0
0
0
0
1
0
0
0
0
0
0
28
0
0
66
1
4
4
66
66
0
3
0
66
66
29
29
0
0
29
0
30
0
1
0
1
25
0
1
4
2
0
0
0
0
0
8
1
0
0
0
0
0
0
0
0
0
0
66
25
8
0
0
0
0
28
0
0
0
0
0
0
0
0
0
0
0
0
0
0
0
0
0
0
0
0
1
4
0
1
0
0
0
0
0
0
0
0
0
0
0
0
31
0
0
0
0
1
0
0
0
0
0
0
0
1
2
0
0
0
1
0
0
0
0
0
0
0
0
0
0
0
0
0
0
0
0
0
0
0
0
0
66
32
0
1
0
1
0
8
8
8
0
0
0
0
33
8
0
0
1
8
0
0
0
0
66
66
0
0
30
0
66
66
0
0
0
0
0
0
0
34
0
0
0
0
66
0
1
0
35
28
28
0
0
0
0
0
0
0
0
0
0
1
4
2
0
7
66
0
0
0
1
0
0
0
0
0
0
0
0
0
0
0
0
0
0
0
0
1
4
66
0
0
1
11
0
0
0
0
0
0
0
0
0
0
0
0
0
7
0
0
0
0
1
2
0
1
0
0
0
0
1
27
0
1
0
6
0
0
0
0
0
1
0
6
0
0
0
0
0
0
0
0
0
1
0
0
0
0
1
0
0
0
1
0
0
66
66
0
0
0
0
0
1
66
1
0
0
0
0
7
0
0
0
0
0
8
0
0
0
0
66
0
1
66
0
0
66
0
66
0
8
66
0
0
36
37
0
0
0
0
0
0
0
0
1
2
0
0
0
1
2
0
0
0
1
38
0
0
0
0
0
0
0
0
1
0
0
0
1
39
0
0
66
1
4
4
66
12
0
7
0
0
0
1
0
37
0
1
0
0
0
0
0
0
0
8
0
0
0
66
40
0
0
0
0
0
8
0
5
66
1
4
0
66
66
66
0
66
23
66
0
0
28
0
66
8
66
66
66
8
0
0
0
66
66
66
0
1
0
0
5
66
0
28
0
66
0
8
66
41
66
66
42
42
0
66
35
0
0
0
0
0
0
0
0
0
0
8
43
0
0
0
0
0
8
8
1
42
0
0
0
0
0
66
0
1
0
0
0
8
0
0
7
0
0
0
0
0
0
0
66
42
66
66
5
41
66
66
37
8
7
66
1
0
0
0
8
0
0
1
0
1
66
0
0
0
0
66
0
1
5
42
21
6
8
0
0
0
1
66
66
0
44
0
0
8
66
0
0
0
0
1
0
0
0
0
1
66
66
0
0
0
36
66
8
0
0
0
66
1
4
66
1
0
0
0
0
66
0
8
8
8
8
1
66
45
1
16
66
1
0
0
66
8
1
22
1
46
47
48
66
66
21
66
66
66
66
66
35
66
1
4
4
4
66
8
8
0
0
66
66
8
66
0
0
8
66
8
1
49
8
0
1
0
0
0
0
0
1
4
0
0
0
0
0
0
0
0
0
0
0
0
0
0
0
0
50
1
0
0
1
8
0
1
66
25
66
66
0
0
8
51
52
53
54
54
53
15
66
45
51
21
21
66
55
66
66
6
55
52
52
0
1
66
0
66
0
0
8
57
8
28
0
8
0
0
0
0
66
66
0
8
8
0
1
66
0
0
0
28
0
7
38
0
0
0
66
0
0
8
1
0
0
66
1
4
4
66
22
0
0
66
0
1
0
1
0
24
58
66
66
1
8
1
66
8
66
66
0
8
0
0
0
0
0
0
0
8
0
24
58
0
0
66
66
66
0
0
8
8
21
0
0
66
15
66
66
66
66
66
66
8
0
8
66
66
58
4
59
66
8
1
8
66
0
66
66
66
15
1
16
49
8
66
66
66
66
0
1
39
66
22
1
39
8
21
53
8
0
66
1
11
4
66
66
66
66
66
1
0
66
66
66
66
66
1
16
66
66
54
0
7
66
15
0
22
66
53
8
0
66
66
66
8
0
21
60
66
0
66
28
8
0
0
0
0
0
0
0
66
1
4
11
66
0
0
0
66
66
22
0
0
0
66
66
0
0
0
0
8
66
60
0
0
28
8
8
8
0
0
1
49
8
1
4
0
0
1
4
0
0
0
0
61
0
8
0
0
15
0
0
0
0
1
0
0
0
0
0
0
66
62
0
0
1
0
66
0
1
2
0
1
0
0
0
0
0
0
0
0
8
0
0
0
0
8
8
0
8
0
8
66
22
28
66
66
66
15
22
22
8
0
8
0
8
0
22
8
66
66
66
66
66
66
66
66
0
8
66
0
1
22
15
66
66
8
8
0
0
0
0
0
0
0
0
48
8
66
66
0
1
8
66
66
15
66
8
0
0
8
66
66
66
0
0
0
8
0
66
66
8
66
0
0
8
1
16
2
28
0
0
8
22
66
28
28
8
66
0
22
0
22
66
66
28
0
7
22
0
28
0
0
1
66
59
66
0
66
66
66
66
66
61
52
45
66
66
52
66
66
0
1
0
8
0
0
0
0
28
0
0
66
0
63
0
0
0
0
0
28
8
8
66
66
66
8
66
15
66
66
66
66
53
52
66
8
66
66
64
15
66
66
66
22
8
0
8
0
8
66
66
64
66
66
66
66
66
66
8
1
11
52
22
8
8
15
15
15
66
15
66
45
66
66
66
1
16
66
66
66
0
0
0
28
0
0
0
22
0
0
0
0
8
0
28
0
1
0
8
0
0
8
0
0
0
8
0
0
0
1
11
2
65
0
1
0
0
0
8
0
0
0
22
0
0
0
0
8
28
28
0
0
0
0
0
0
0
0
0
0
8
0
0
0
0
0
1
0
1
0
0
0
0
0
0
0
0
28
62
0
1
0
0
0
0
0
0
8
0
0
0
0
0
0
0
0
0
0
28
0
1
66
0
0
0
0
1
0
0
28
0
0
1
0
0
0
0
28
0
0
0
0
0
0
0
0
0
1
4
25
8
0
65
28
0
0
0
0
0
0
0
0
1
8
0
0
0
8
57
2
0
0
0
0
8
0
7
0
8
0
8
0
0
63
0
66
0
0
0
0
0
28
66
66
1
66
1
38
0
66
7
38
8
0
0
7
0
66
0
66
0
0
0
0
0
0
1
0
0
0
0
1
11
0
0
0
1
0
0
0
28
0
1
0
0
0
0
0
0
0
0
0
0
0
1
0
7
0
0
6
27
0
0
1
0
0
0
66
1
4
4
66
12
0
1
0
1
0
0
0
0
0
0
1
4
0
1
0
0
0
0
0
1
0
0
0
1
0
0
0
0
28
0
0
0
0
0
0
1
4
0
0
1
32
0
0
0
0
0
0
0
0
0
0
33
0
0
0
0
65
0
0
1
0
0
0
0
0
28
0
0
1
27
0
0
0
0
0
0
66
1
4
66
66
2
0
0
0
7
0
0
66
66
0
0
0
0
0
0
66
2
0
0
8
0
66
1
66
66
0
1
0
1
0
0
0
0
0
0
0
0
66
1
4
4
66
0
1
0
1
0
66
1
4
4
4
66
0
7
0
0
8
0
0
1
4
0
0
1
0
1
66
66
0
66
66
66
66
66
1
0
66
0
0
0
0
0
0
0
0
0
1
0
0
0
1
0
0
0
0
0
0
0
0
0
0
1
40
66
0
0
0
0
0
0
0
31
2
0
28
0
0
0
0
0
0
0
0
28
0
0
0
0
0
1
0
0
0
50
1
11
10
66
0
0
0
0
0
0
0
0
0
0
0
0
0
0
1
4
0
0
1
16
25
8
0
0
0
7
0
0
0
0
0
7
0
0
0
0
0
0
0
0
0
0
0
0
0
6
2
0
1
38
0
0
0
0
0
0
0
0
0
0
0
0
0
1
0
0
0
0
0
0
0
0
0
0
0
0
0
0
0
0
0
0
0
0
7
0
0
0
0
0
0
0
0
0
0
0
0
35
0
1
66
12
66
66
0
0
0
66
0
0
0
66
0
0
0
0
0
0
0
0
0
0
0
66
66
0
0
0
0
0
0
0
0
0
0
0
0
0
7
0
0
0
0
0
0
0
0
0
0
0
0
1
0
0
0
66
0
0
0
0
30
0
0
0
0
0
0
0
0
0
1
0
1
0
0
0
0
0
0
0
0
0
0
0
0
0
0
0
0
1
0
0
0
66
66
0
1
0
0
0
0
0
0
0
34
0
0
0
0
8
66
0
0
0
0
0
0
0
0
0
0
0
8
8
0
1
0
0
0
0
0
1
0
0
0
0
0
0
0
1
0
46
0
0
8
0
0
0
0
0
33
0
0
0
0
0
0
0
0
0
0
8
0
0
0
0
0
0
0
0
0
0
0
0
0
0
0
0
0
0
0
0
0
0
0
0
0
0
0
0
0
0
1
66
0
0
0
0
0
0
0
0
0
66
0
0
0
0
0
0
66
0
0
0
0
0
0
0
0
66
0
66
66
0
0
0
66
66
0
0
0
66
66
0
0
0
7
0
1
0
0
0
0
1
12
0
0
0
0
1
66
0
0
0
1
0
0
29
0
66
8
66
66
0
15
0
0
1
4
0
0
0
0
0
1
66
66
0
1
4
66
66
0
0
8
0
0
0
0
22
0
0
0
0
8
1
0
66
66
0
33
0
0
0
0
0
0
0
0
24
58
0
0
0
0
0
0
0
0
0
0
0
0
0
0
0
0
0
0
0
0
0
0
0
0
0
0
0
0
0
44
0
0
0
0
0
0
1
0
0
0
66
66
0
66
66
42
42
42
66
42
66
8
41
0
66
0
0
0
66
24
58
4
66
66
66
0
66
0
1
66
0
66
66
0
0
0
0
0
0
0
0
0
0
0
0
35
0
0
0
0
8
8
0
0
0
8
1
0
66
0
0
0
8
8
0
1
20
0
1
0
0
1
4
25
0
0
0
8
0
0
0
0
8
0
1
0
0
0
8
0
1
0
0
0
0
0
0
0
0
0
0
0
0
0
0
0
0
0
0
0
1
4
49
0
1
0
7
0
0
0
0
1
0
0
0
0
0
0
0
0
0
0
0
0
0
1
0
0
0
0
0
0
0
0
0
0
0
0
0
0
0
8
8
0
0
1
0
1
0
0
0
0
6
0
0
21
0
0
0
0
0
0
0
0
1
4
13
56
0
0
0
0
13
0
0
0
0
47
1
0
0
0
1
8
0
66
24
4
4
4
4
4
4
66
49
14
0
8
66
0
66
66
0
1
49
13
8
0
0
1
4
0
8
0
0
1
0
43
0
0
36
8
0
0
43
0
0
0
1
36
0
0
0
0
0
0
0
0
0
8
36
0
0
66
1
4
4
66
0
0
1
0
0
0
0
0
0
0
0
0
0
0
0
0
0
0
0
0
0
8
0
0
0
1
4
0
8
0
0
0
0
0
0
36
8
8
1
4
0
1
36
0
66
0
8
66
0
1
0
0
8
9
8
65
28
0
0
66
1
0
66
0
0
56
0
0
0
66
0
8
0
14
0
9
0
0
1
0
8
0
0
0
8
8
0
0
0
66
24
58
4
4
66
0
0
0
0
66
8
8
35
0
0
0
8
0
0
0
0
0
0
0
0
0
0
0
0
0
0
0
0
0
0
1
4
0
8
0
0
1
4
0
0
0
0
0
0
1
25
66
0
66
8
0
0
1
4
49
8
0
1
0
0
0
0
0
0
0
0
6
0
66
0
0
0
0
0
0
0
0
0
0
29
66
20
0
0
0
5
5
0
0
0
17
6
6
66
0
17
0
0
0
13
0
0
0
66
5
8
28
62
0
0
8
0
0
0
1
36
5
0
0
0
17
0
0
0
0
5
66
28
0
0
8
66
0
0
0
0
0
0
0
2
0
8
0
1
0
0
0
0
0
0
0
0
0
65
0
0
0
0
0
0
0
0
0
0
