0
0
0
0
0
0
0
0
0
0
0
0
0
0
0
0
0
0
0
0
0
0
0
0
0
0
0
0
0
0
1
0
0
1
0
0
0
0
0
0
0
0
0
0
0
0
0
0
0
0
0
0
0
0
0
0
0
0
0
0
0
0
0
3
1
0
0
0
0
0
0
0
0
0
0
0
0
0
0
0
0
0
0
0
0
0
0
0
0
0
0
0
0
3
0
0
6
0
0
0
0
0
0
0
0
0
0
0
0
0
0
0
0
0
0
0
0
0
0
0
4
0
0
4
4
0
0
87
0
0
0
0
0
0
87
0
0
87
87
87
1
0
0
1
87
87
87
87
1
0
0
0
0
0
0
0
0
0
0
0
0
0
0
0
0
1
0
0
0
0
0
0
0
0
0
0
4
0
0
0
0
0
1
0
0
0
3
0
1
3
0
1
0
0
1
0
0
0
0
0
0
0
0
0
0
0
0
0
0
0
0
0
0
0
0
0
0
0
0
0
0
0
0
0
0
0
4
0
0
0
0
0
4
0
0
0
0
0
0
1
0
0
0
0
0
0
0
0
0
0
0
0
0
6
4
0
1
0
0
0
0
0
0
0
0
0
0
0
0
1
0
0
4
0
0
0
0
0
0
0
0
0
1
0
0
1
4
0
1
4
0
0
0
1
0
0
1
0
0
0
0
0
0
0
0
0
0
0
0
0
0
0
4
0
1
0
0
0
0
0
0
0
0
1
3
0
1
0
0
0
0
0
0
0
1
4
0
1
3
0
0
0
0
0
0
0
0
0
0
0
0
0
0
0
0
0
0
0
3
0
0
0
0
0
0
0
1
0
0
0
0
0
0
0
1
0
0
0
0
0
0
0
0
0
0
0
0
0
0
0
0
0
0
0
1
0
0
1
0
0
4
0
0
0
0
0
0
0
0
1
4
0
0
4
0
1
4
0
1
4
0
0
0
0
3
0
0
0
0
0
0
0
0
0
0
0
0
0
0
0
0
0
0
0
0
0
0
0
0
0
0
0
0
0
0
0
0
0
1
4
0
1
0
0
0
0
0
1
3
0
0
0
0
1
0
1
4
0
0
0
0
1
0
4
0
1
0
0
1
3
0
0
1
4
0
1
0
0
0
0
0
0
1
0
0
1
0
0
0
0
0
0
0
0
0
0
0
0
0
0
0
1
4
4
0
0
0
0
0
87
0
0
0
0
0
0
0
0
0
0
0
0
0
0
1
0
0
0
0
0
0
0
0
0
0
0
0
0
0
0
0
0
0
0
0
0
0
0
0
0
0
3
0
0
0
0
0
0
0
0
0
0
0
0
0
0
0
0
0
0
0
0
0
0
0
0
0
0
0
0
0
0
0
0
0
0
0
0
0
0
0
3
0
0
0
0
0
0
0
0
0
0
0
1
0
0
0
0
0
1
4
0
0
0
0
0
0
0
0
0
0
1
0
0
0
0
0
3
0
0
0
0
0
4
87
0
4
10
0
87
0
87
3
4
0
87
4
10
0
11
0
87
10
4
12
4
13
14
12
87
87
4
10
15
0
10
17
3
0
1
0
0
0
87
10
0
87
0
0
0
0
0
0
0
87
0
10
0
87
10
4
87
4
87
10
19
14
87
20
14
14
14
21
22
87
23
22
87
87
14
24
87
12
87
4
4
4
4
0
0
0
0
0
0
0
0
87
0
0
87
0
1
25
0
0
0
0
0
1
0
0
0
0
0
0
10
0
4
1
4
0
10
4
87
0
26
4
10
1
27
0
10
28
10
87
4
0
10
4
4
10
4
87
30
87
31
31
32
30
87
33
87
23
31
34
20
87
35
87
36
87
0
4
4
10
4
10
10
10
87
1
3
0
1
25
0
1
1
0
0
0
0
0
25
0
0
25
0
0
1
0
0
0
0
0
25
0
1
0
0
0
0
0
87
28
10
0
10
4
10
1
4
4
10
4
10
0
0
4
10
0
10
87
0
3
10
0
0
10
4
4
26
4
10
87
4
4
87
40
41
87
42
87
10
31
24
14
14
14
43
24
31
87
87
4
10
0
1
10
87
1
3
10
0
26
4
87
10
4
44
87
4
10
0
10
87
4
10
87
87
87
4
87
87
33
33
14
20
87
14
14
14
45
14
14
34
87
14
87
24
14
87
33
14
34
87
20
87
17
0
1
46
4
0
87
0
10
10
10
10
10
10
0
10
4
19
10
0
10
87
47
87
4
14
87
10
40
24
31
31
14
87
87
4
4
10
10
10
10
4
0
10
4
10
87
46
10
4
87
10
10
87
10
48
10
87
4
10
10
10
87
1
0
0
1
0
0
1
0
0
1
0
0
0
0
0
0
10
87
10
0
4
19
4
19
0
0
4
87
22
10
87
50
32
87
87
14
45
87
87
4
4
10
4
0
10
87
0
0
0
0
0
0
0
0
0
0
0
0
0
0
0
0
0
10
87
51
10
52
87
4
53
24
4
45
87
87
4
4
0
10
87
1
10
10
19
87
4
15
10
19
87
4
4
24
87
87
4
4
87
0
0
87
0
0
0
0
3
25
0
0
1
4
0
1
10
4
10
10
4
10
19
0
4
10
54
4
40
87
55
87
56
4
87
4
87
4
4
10
4
87
87
1
4
46
4
57
87
87
87
58
10
87
87
87
87
87
87
4
87
4
13
10
10
4
10
87
59
4
87
10
1
25
0
0
1
3
0
1
0
0
1
10
4
60
10
0
10
87
61
4
48
10
87
87
4
62
0
1
87
4
0
1
4
1
1
0
10
1
0
10
87
59
87
4
52
10
20
24
24
31
50
59
87
31
87
20
24
24
87
87
52
4
87
0
4
4
10
10
10
87
0
0
1
0
0
1
0
1
1
0
0
25
10
1
10
4
87
87
10
87
87
64
35
14
40
40
40
40
87
87
56
87
10
4
59
4
10
87
65
4
4
66
59
4
4
1
4
10
4
67
87
4
4
4
4
4
87
87
87
4
10
67
10
4
4
10
69
87
4
10
87
4
4
87
87
87
87
4
87
14
4
64
48
7
5
4
4
72
10
87
40
5
73
4
40
87
69
5
70
87
87
87
75
87
4
87
4
87
87
87
87
10
87
87
4
48
48
59
76
4
10
59
87
4
4
87
87
4
4
77
4
4
59
10
4
4
10
10
48
10
4
78
78
4
10
10
57
10
10
4
4
4
59
87
4
4
4
78
87
10
4
41
10
80
81
4
42
87
87
61
4
87
4
37
87
87
4
57
57
10
0
87
10
87
10
87
10
4
87
59
19
62
4
10
87
19
4
10
87
4
69
59
87
87
4
4
87
4
29
76
87
4
4
4
10
59
87
4
10
87
10
87
4
4
87
87
87
87
87
46
4
10
4
0
10
4
0
87
4
87
10
10
10
4
4
87
59
3
0
1
0
1
3
0
0
25
0
0
19
0
0
0
0
1
4
0
0
0
0
0
0
1
4
0
0
4
0
1
0
0
19
1
0
0
59
4
10
1
4
0
1
59
4
0
0
0
1
10
4
60
1
4
0
1
62
4
59
1
4
0
1
4
0
1
4
10
1
4
0
59
4
87
3
87
0
59
4
10
4
10
1
10
10
0
10
1
4
10
1
4
4
10
28
10
0
59
4
10
1
11
4
60
87
4
4
10
10
19
10
4
10
1
10
10
10
87
10
10
1
4
19
59
4
10
10
10
19
10
10
19
10
19
10
4
10
0
10
19
4
4
10
19
10
10
87
4
59
4
4
10
59
4
10
1
10
4
10
1
10
4
10
1
10
4
87
87
10
87
87
20
24
87
10
4
52
87
87
31
4
87
4
10
4
10
10
10
19
1
10
4
0
59
10
4
10
87
10
87
82
4
4
40
43
53
87
87
4
59
4
87
1
59
10
0
10
59
0
10
59
4
10
87
87
13
87
87
87
64
13
14
53
87
87
56
4
87
87
10
4
87
4
59
4
87
87
10
87
10
4
10
4
87
87
87
87
87
87
87
87
87
56
35
10
87
87
59
4
10
87
4
87
87
59
87
87
87
59
4
0
4
87
0
1
0
0
1
87
87
4
87
87
87
4
87
4
0
1
59
4
46
4
87
1
59
4
27
87
0
1
4
0
1
3
0
0
10
4
4
0
59
10
4
10
65
4
10
4
4
19
10
87
4
54
10
69
10
4
87
87
1
1
1
4
10
87
4
59
65
4
10
87
4
87
10
4
87
4
65
4
87
1
4
87
0
10
87
4
87
4
19
87
52
20
40
53
40
12
87
4
4
4
0
1
0
10
47
4
1
59
83
4
40
84
87
87
20
20
87
87
4
87
87
87
10
36
46
10
4
0
59
4
10
1
59
87
59
13
4
87
4
87
87
78
10
87
87
59
83
4
10
87
1
0
1
1
10
87
87
87
40
40
14
40
55
87
4
87
0
59
10
1
0
1
4
10
10
1
10
46
10
57
87
4
87
0
87
0
1
4
0
1
0
0
87
10
59
4
10
87
10
85
87
14
21
10
87
4
4
87
6
4
0
0
0
0
0
0
0
0
0
59
4
0
0
0
10
19
4
0
10
87
87
10
10
87
4
1
4
10
10
4
10
10
87
19
4
87
87
0
4
19
44
0
10
87
4
10
87
87
87
40
20
87
4
65
10
10
19
4
4
10
10
87
19
4
0
87
4
10
4
10
15
87
0
10
4
87
0
10
87
46
4
10
10
10
10
10
0
10
87
10
20
34
84
81
87
86
20
87
87
87
87
87
87
87
87
87
87
87
87
87
87
87
0
1
1
1
1
0
10
4
87
87
59
87
87
33
87
87
87
87
87
81
59
13
51
87
20
24
82
87
87
87
4
4
10
10
46
0
1
0
0
0
1
4
0
25
0
0
0
0
0
0
0
0
0
0
0
0
1
0
0
0
0
0
0
0
10
87
22
85
40
74
87
4
40
24
14
23
30
52
80
14
53
24
31
87
87
87
87
87
4
10
4
10
10
87
1
0
0
1
0
0
0
0
0
0
0
0
0
0
0
0
0
0
0
0
0
0
10
87
87
40
40
87
87
74
43
14
40
14
43
87
24
31
31
12
87
10
0
4
10
0
10
46
1
4
10
87
10
87
75
87
87
10
10
10
10
4
1
1
10
4
0
0
59
87
4
52
4
4
10
87
10
4
0
0
10
10
4
4
87
87
4
10
48
10
75
10
87
4
4
10
87
4
10
10
10
75
4
9
9
75
87
4
10
87
58
87
10
4
87
4
10
59
4
4
87
87
10
59
86
87
10
87
87
4
87
29
58
87
8
79
72
87
87
87
10
77
87
4
75
10
5
63
42
87
10
4
10
10
10
87
10
37
87
10
4
87
18
37
87
4
79
87
57
57
87
4
4
66
0
10
4
87
87
87
87
87
4
87
15
4
10
10
4
87
37
10
10
37
4
39
5
87
37
10
87
87
37
10
73
4
9
10
87
87
4
29
87
87
87
37
10
72
87
10
39
76
37
4
10
37
10
37
4
29
37
37
4
10
37
10
87
10
10
10
87
9
10
42
10
37
37
10
39
10
29
37
29
37
37
39
37
87
10
16
29
49
10
37
37
10
10
87
4
10
10
37
37
4
37
37
87
16
70
37
37
72
71
10
4
10
29
87
87
4
37
10
71
37
4
37
10
87
48
37
10
37
87
10
18
72
37
10
10
39
10
37
37
38
10
10
9
37
10
10
29
10
87
72
38
4
87
87
10
8
10
72
87
68
86
37
10
68
10
10
29
5
68
8
10
9
87
37
8
10
87
73
8
7
87
87
10
4
37
10
5
8
37
87
87
63
87
9
5
37
4
87
10
7
4
10
10
87
16
70
9
87
5
18
4
37
29
5
72
70
87
10
18
4
2
87
5
87
4
87
38
87
37
4
9
5
10
71
4
29
39
37
29
4
87
18
5
4
2
49
5
9
4
38
